4.664009084989847338e+02 4.344438086452368864e-04
5.161790378344411465e+02 1.023022780646203013e-03
5.664056700545779677e+02 2.273522289362645433e-03
6.170808051593950267e+02 4.760019546819686635e-03
6.682044431488922100e+02 9.372175452768414725e-03
7.197765840230698586e+02 1.732263433787854801e-02
7.717972277819277451e+02 3.000144498172390220e-02
8.242663744254658695e+02 4.859942404943914940e-02
8.771840239536843455e+02 7.349874965191610654e-02
9.305501763665828321e+02 1.035812088865018105e-01
9.843648316641618976e+02 1.357749549493997565e-01
1.038627989846421315e+03 1.652245788308177588e-01
1.093339650913360629e+03 1.863020846890071358e-01
1.148499814864980408e+03 1.942735991271855311e-01
1.204108481701280652e+03 1.869911091709551276e-01
1.260165651422260908e+03 1.658022706388463663e-01
1.316671324027921628e+03 1.351657733243198933e-01
1.373625499518262586e+03 1.011084120979092310e-01
1.431028177893283782e+03 6.926005799859853707e-02
1.488879359152985216e+03 4.335880246476337546e-02
1.547179043297366889e+03 2.475640567311802182e-02
1.605927230326429026e+03 1.286541966816181007e-02
1.665123920240171174e+03 6.072810168302201703e-03
1.724769113038593787e+03 2.598252266217241507e-03
