4.726799488845086330e+02 4.762125022546485702e-04 3.599974992027760168e-02
5.224580782199650457e+02 1.112261537748523684e-03 4.792910019390943938e-02
5.726847104401018669e+02 2.451564476923895168e-03 6.206379742394343285e-02
6.233598455449189260e+02 5.090300049297591910e-03 7.837490150472323225e-02
6.744834835344161093e+02 9.938793195131983074e-03 9.662634333295988531e-02
7.260556244085937578e+02 1.821519534767648135e-02 1.162244091835355625e-01
7.780762681674516443e+02 3.127928185433730829e-02 1.359601272830750218e-01
8.305454148109897687e+02 5.023524025621461248e-02 1.535871871039816705e-01
8.834630643392082447e+02 7.531615258926807610e-02 1.652290129438906130e-01
9.368292167521067313e+02 1.052175099645825396e-01 1.649828358400868555e-01
9.906438720496857968e+02 1.367079071851465544e-01 1.465089481965901608e-01
1.044907030231945100e+03 1.648859301149906142e-01 1.107159943246669581e-01
1.099618691298884414e+03 1.842594163799922136e-01 7.656840229605044179e-02
1.154778855250504193e+03 1.904131110218102163e-01 7.034722387892787532e-02
1.210387522086804438e+03 1.816114227654183622e-01 1.080677434510719792e-01
1.266444691807784693e+03 1.595584730681121610e-01 1.968019024655425497e-01
1.322950364413445413e+03 1.288758017778742493e-01 3.242872413041616442e-01
1.379904539903786372e+03 9.550700799494178661e-02 4.706414885024895467e-01
1.437307218278807568e+03 6.481002045251323118e-02 6.243747500815214346e-01
1.495158399538509002e+03 4.018981419792424375e-02 7.820868271351555379e-01
1.553458083682890674e+03 2.272865709305844223e-02 9.440996160706294216e-01
1.612206270711952811e+03 1.169837836555468087e-02 1.111919048019426981e+00
1.671402960625694959e+03 5.468585251339259067e-03 1.287243894405845301e+00
1.731048153424117572e+03 2.316958341002697038e-03 1.471661031488977311e+00
