5.008065601952264956e+02 1.695270810514055282e-05 3.568059251883717864e-02 2.659663487778695518e-03 9.000000000000000000e+01 3.853739875304545981e-04
5.498236545230727188e+02 6.640542109527973805e-05 4.598728630666222561e-02 1.215428964485737624e-02 9.000000000000000000e+01 3.827200582480645426e-04
5.718381776077967515e+02 2.717673520743835449e-05 2.948537116786330379e-03 2.815443826097885904e-01 9.000000000000000000e+01 3.817352281489502699e-04
6.014058803505151900e+02 2.370807607013196980e-04 6.067951075288033347e-02 6.691276050709646893e-03 9.000000000000000000e+01 3.805530271590663372e-04
6.515736587835920091e+02 7.642838584467230361e-04 7.794294175012653203e-02 1.653436545259350790e-03 9.000000000000000000e+01 3.788034333675208360e-04
7.024356909892233034e+02 2.217635381236662383e-03 9.607147338906422973e-02 1.722728786238995110e-03 9.000000000000000000e+01 3.772339378309590347e-04
7.535163300876527046e+02 5.786417739508177213e-03 1.141492558732908752e-01 5.356413488756204752e-03 9.000000000000000000e+01 3.757766201471598360e-04
7.966027399550868040e+02 1.256098121977927001e-02 4.093151678552221784e-02 2.096834102685834200e-01 9.000000000000000000e+01 3.746062172806112933e-04
8.098732879002894833e+02 1.343233003673666506e-02 1.000745517246780236e-01 7.918257273402290464e-02 9.000000000000000000e+01 3.742543521334311635e-04
8.592745121693989176e+02 2.886567800022630387e-02 1.518546151369445651e-01 3.384211924912925145e-03 9.000000000000000000e+01 3.729771745513774518e-04
9.118512814337919963e+02 5.593789942495668022e-02 1.645708625492838806e-01 1.194978502044763153e-03 9.000000000000000000e+01 3.716762716075426467e-04
9.650509574387757539e+02 1.010839976665689338e-01 1.645653449694543802e-01 7.591532813216132899e-04 9.000000000000000000e+01 3.704287385672010613e-04
1.018738773568419788e+03 1.768845547402747020e-01 1.461888119751984239e-01 6.555290144370640301e-04 9.000000000000000000e+01 3.692505153838137547e-04
1.072883020030740227e+03 3.110406270525010175e-01 1.104563186738562880e-01 7.036263885664053447e-04 9.000000000000000000e+01 3.681535341695915046e-04
1.127451987034553667e+03 5.083229965516915527e-01 7.633420366295509685e-02 9.176055372939361703e-04 9.000000000000000000e+01 3.671466835976694085e-04
1.182398109890280011e+03 5.417877258364386384e-01 6.999694720264039438e-02 1.493776116412219102e-03 9.000000000000000000e+01 3.662351057107646516e-04
1.237586621982789438e+03 3.026640519548580155e-01 1.068406981594940686e-01 3.406322513248721123e-03 9.000000000000000000e+01 3.654207091411462304e-04
1.292232705960472003e+03 1.204476339614453939e-01 1.858043096464012389e-01 1.676446113786962677e-02 9.000000000000000000e+01 3.647094703025001851e-04
1.330735144167096223e+03 4.268572509380657437e-02 9.005064366832629674e-02 2.166936294136861119e-01 9.000000000000000000e+01 3.642614692788617020e-04
1.355587693634722882e+03 4.425725784609209346e-02 2.721424533253198330e-01 4.823944454533734411e-02 9.000000000000000000e+01 3.639941682711815194e-04
1.409410527166622614e+03 1.551874819345880167e-02 4.624446742391424836e-01 5.224877829679691436e-03 9.000000000000000000e+01 3.634699278888066419e-04
1.466226574389935877e+03 4.964370830628769826e-03 6.206093673272031763e-01 1.809193639153386206e-03 9.000000000000000000e+01 3.629902945969212314e-04
1.523832004761759890e+03 1.402114336929037499e-03 7.796500487820171577e-01 9.347216710187437275e-04 9.000000000000000000e+01 3.625720959573836650e-04
1.581981067394216325e+03 3.413485272985082412e-04 9.422462104946958128e-01 5.889438607064227758e-04 9.000000000000000000e+01 3.622104435069184902e-04
1.640634125047326052e+03 7.048394825399367379e-05 1.110368991237448588e+00 4.182112316735863864e-04 9.000000000000000000e+01 3.618986534075416522e-04
1.699759467929103494e+03 1.220327563947487118e-05 1.285862515215657531e+00 3.219388018519885823e-04 9.000000000000000000e+01 3.616304989430061518e-04
1.759349168591553735e+03 1.756101750479063416e-06 1.470372139331868055e+00 2.627423291500803463e-04 9.000000000000000000e+01 3.614001299818200147e-04
