4.201784997679712887e+02 7.772740751776553323e-04 3.835002567079728170e-02
4.652577551637190822e+02 1.798955313810632513e-03 5.127457694502816216e-02
5.107406550871911008e+02 3.916086539908626533e-03 6.658096251006684341e-02
5.566271995383874582e+02 8.003331399332250240e-03 8.418221489440219640e-02
6.029173885173082681e+02 1.532744626875036896e-02 1.037083804015128813e-01
6.496112220239532462e+02 2.745593045796086012e-02 1.242919022614858010e-01
6.967087000583226200e+02 4.591446770913140685e-02 1.441970876672845070e-01
7.442098226204162756e+02 7.154554393577340632e-02 1.602282131428914291e-01
7.921145897102343270e+02 1.036814083983436108e-01 1.670251025607046302e-01
8.404230013277765465e+02 1.394642316651711345e-01 1.572982909845365707e-01
8.891350574730432754e+02 1.737880107730677970e-01 1.267925967967625245e-01
9.382507581460341726e+02 2.002239661105041091e-01 8.736781326269371650e-02
9.877701033467493517e+02 2.128574144078626551e-01 6.817506302583080380e-02
1.037693093075189154e+03 2.083857663022579132e-01 9.115989676370125916e-02
1.088019727331352897e+03 1.874894608749680947e-01 1.680923660127255914e-01
1.138750006115241149e+03 1.547145363637655868e-01 2.918215009308379737e-01
1.189883929426853683e+03 1.168529365554714511e-01 4.402677369425279652e-01
1.241421497266190499e+03 8.061281919876221724e-02 5.982500475825281994e-01
1.293362709633251598e+03 5.068964138928391816e-02 7.606936935850775461e-01
1.345707566528037205e+03 2.899161579481531956e-02 9.275410287075402938e-01
1.398456067950546867e+03 1.505027038307714740e-02 1.100367430848026684e+00
1.451608213900781038e+03 7.076329064585292102e-03 1.281041045523680033e+00
1.505164004378739492e+03 3.006977047258241678e-03 1.471314394439882101e+00
1.559123439384422227e+03 1.152310275526668244e-03 1.672745978208775020e+00
