4.436775686370621656e+02 1.553975931381696663e-05 3.563426515355093416e-02 2.124452698331052644e-02 9.000000000000000000e+01 3.941854953444977544e-04
4.821596018105865369e+02 5.818580496063720817e-05 3.609537316321688449e-02 8.881128633056305233e-02 9.000000000000000000e+01 3.910524712699657828e-04
5.068123795883687990e+02 4.461812723055811898e-05 2.484114733560215810e-02 1.546581045676815869e-01 9.000000000000000000e+01 3.893870516461724095e-04
5.400267609933199537e+02 2.677427430799596644e-04 5.974522560211617539e-02 3.080041193569618696e-02 9.000000000000000000e+01 3.874293151635472849e-04
5.832512684074787330e+02 9.573543072991941164e-04 8.105248389159634692e-02 1.115341645523976362e-02 9.000000000000000000e+01 3.852014362767064936e-04
6.281525684975104014e+02 2.908532051453281003e-03 1.009623106265541415e-01 7.943629331575283517e-03 9.000000000000000000e+01 3.831202321755982233e-04
6.735732538560071134e+02 7.730656470625117682e-03 1.207866450338563047e-01 8.460544485645865934e-03 9.000000000000000000e+01 3.811547367865813205e-04
7.190503615200058221e+02 1.807094023674030853e-02 1.382266888786827519e-01 1.242133017771683209e-02 9.000000000000000000e+01 3.792741949888801052e-04
7.637737063043211947e+02 3.717493116585397772e-02 1.465933117344472014e-01 2.552902726865827199e-02 9.000000000000000000e+01 3.774958335199276021e-04
8.047340289496935384e+02 6.605973113247064210e-02 1.290677801369514155e-01 6.817655880790325640e-02 9.000000000000000000e+01 3.759400698133921097e-04
8.394562511719220765e+02 6.225204995527737484e-02 1.104741785776803820e-01 1.015732182456904192e-01 9.000000000000000000e+01 3.746741554504002441e-04
8.758433664931657177e+02 1.183865452966718634e-01 1.335215805713812209e-01 4.534704782423746444e-02 9.000000000000000000e+01 3.734076626064620195e-04
9.199257930088019748e+02 2.015875695155524283e-01 1.194856111451446240e-01 1.728883034866075460e-02 9.000000000000000000e+01 3.719706203546021650e-04
9.670739010892000351e+02 3.091981994081670626e-01 8.484640920122471508e-02 8.657893452893515931e-03 9.000000000000000000e+01 3.705588514166765807e-04
1.015435838882507596e+03 3.663262302652842695e-01 6.695677074968724163e-02 5.361017161136879920e-03 9.000000000000000000e+01 3.692465597261292642e-04
1.064664384166502714e+03 2.786838900745309267e-01 9.000501777497502132e-02 3.800615280598144789e-03 9.000000000000000000e+01 3.680549006709324042e-04
1.114412314718911830e+03 1.416299724537673221e-01 1.664305262558757326e-01 2.965940327219898989e-03 9.000000000000000000e+01 3.669900639630944593e-04
1.164679630539837717e+03 5.862472473942229728e-02 2.894116634941383825e-01 2.477374794879202893e-03 9.000000000000000000e+01 3.660495147355324278e-04
1.215350590888487659e+03 2.182489082085551854e-02 4.370697562242190082e-01 2.179115422254790293e-03 9.000000000000000000e+01 3.652249258545757710e-04
1.266540936505602531e+03 7.283270144818271633e-03 5.942720309603085616e-01 1.994826396568342725e-03 9.000000000000000000e+01 3.645063056181471728e-04
1.318250667391182333e+03 2.124285679841333464e-03 7.559080285425296974e-01 1.887355613529609127e-03 9.000000000000000000e+01 3.638816495862252313e-04
1.370248302063745996e+03 5.300491978068343820e-04 9.218693951098014816e-01 1.834409504981731730e-03 9.000000000000000000e+01 3.633441064545297984e-04
1.422649581264033714e+03 1.114185191416629223e-04 1.093676640015104562e+00 1.824151818388267295e-03 9.000000000000000000e+01 3.628804681458022837e-04
1.475454504992045941e+03 1.951044766755763717e-05 1.273139263758775952e+00 1.850475078651443945e-03 9.000000000000000000e+01 3.624820815346542079e-04
1.528663073247782449e+03 2.821485917621120850e-06 1.461941916181648260e+00 1.911041914695998239e-03 9.000000000000000000e+01 3.621393258854884454e-04
1.582275286031243240e+03 3.345612968422705994e-07 1.661558588217987298e+00 2.006411637486211000e-03 9.000000000000000000e+01 3.618451938727139058e-04
