4.145274763798308300e+02 7.102461087255029825e-04
4.596067317755786235e+02 1.657870163668703897e-03
5.050896316990506421e+02 3.640081801886162378e-03
5.509761761502470563e+02 7.503978418769445026e-03
5.972663651291678661e+02 1.449724431107026444e-02
6.439601986358128443e+02 2.619869965141172902e-02
6.910576766701822180e+02 4.420324966901381658e-02
7.385587992322758737e+02 6.949945631619555697e-02
7.864635663220939250e+02 1.016311717049530050e-01
8.347719779396361446e+02 1.379587402359513659e-01
8.834840340849028735e+02 1.735000532483472191e-01
9.325997347578937706e+02 2.017541063499567189e-01
9.821190799586089497e+02 2.164984075339258240e-01
1.032042069687048752e+03 2.139570901008076842e-01
1.082368703943212495e+03 1.943395856847832948e-01
1.133098982727100747e+03 1.619102764848390219e-01
1.184232906038713281e+03 1.234738208546876936e-01
1.235770473878050097e+03 8.601306505714415018e-02
1.287711686245111196e+03 5.461823635765768875e-02
1.340056543139896803e+03 3.154874826891829881e-02
1.392805044562406465e+03 1.654163027457099602e-02
1.445957190512640636e+03 7.855963779559844290e-03
1.499512980990599090e+03 3.372190043390897382e-03
1.553472415996281825e+03 1.305494042110457624e-03
