8.875540271156141898e+02 1.536173289553125043e+00 1.657197211387606839e-01
9.345865730855023230e+02 2.060223879660804336e+00 1.653225001988358756e-01
9.820604828426997983e+02 2.612989472483667974e+00 1.508015572331704302e-01
1.029975756387206502e+03 3.128937429058794795e+00 1.215329207879436713e-01
1.078332393719022548e+03 3.531607104009547360e+00 8.776600884432800287e-02
1.127130394838147822e+03 3.750920422296525114e+00 6.877249293375166384e-02
1.176369759744582325e+03 3.742487302707382835e+00 7.912065739689050359e-02
1.226050488438326283e+03 3.501871929696839469e+00 1.279254793685681846e-01
1.276172580919379470e+03 3.067689594798357788e+00 2.166500522124708283e-01
1.326736037187742113e+03 2.511544985979966782e+00 3.336478688587402597e-01
