8.813163105338046535e+02 1.120374475786455326e+00
9.287034968164572319e+02 1.517247196340493653e+00
9.759570872257952487e+02 1.936480344140028009e+00
1.023638171805546563e+03 2.334825053328555278e+00
1.072298631539049438e+03 2.658120084748461398e+00
1.121072550289610717e+03 2.844933680610368665e+00
1.170440297426054258e+03 2.860543777995150805e+00
1.219830872887761643e+03 2.698736360251570154e+00
1.270387700502497864e+03 2.380209990089403593e+00
1.320617785260976007e+03 1.966566943993730332e+00
