9.127255462403448973e+02 1.879285980916872489e+01 1.654283739901188655e-01 7.032286722178399552e-04 9.000000000000000000e+01 1.881246784139991579e+00
9.596947160346051078e+02 3.185897636050297166e+01 1.651304364183842077e-01 4.647008851684534744e-04 9.000000000000000000e+01 1.778015874853517975e+00
1.007121093660081556e+03 5.264484269845122100e+01 1.506529775324541021e-01 3.941065422464243816e-04 9.000000000000000000e+01 1.678562284091439594e+00
1.054980913050913841e+03 8.728613798583076289e+01 1.214114487100484696e-01 3.997997484390032087e-04 9.000000000000000000e+01 1.583829706603079979e+00
1.103297940273678705e+03 1.423511880365754791e+02 8.766212404860275476e-02 4.734625493088463625e-04 9.000000000000000000e+01 1.494514839506251302e+00
1.152008799151314179e+03 1.893899198674148181e+02 6.865933298915079253e-02 6.581697988460329498e-04 9.000000000000000000e+01 1.411292655506774629e+00
1.201145177772351644e+03 1.550267249707239330e+02 7.889851027930701310e-02 1.123080241707985916e-03 9.000000000000000000e+01 1.334436654269854916e+00
1.250643699961162156e+03 8.048437321150950652e+01 1.270632954906674716e-01 2.695894147612818131e-03 9.000000000000000000e+01 1.264160761505988884e+00
1.299949824180992891e+03 3.466839588357359503e+01 2.082643621511909571e-01 1.548246118686550168e-02 9.000000000000000000e+01 1.201028028620178212e+00
1.332316396021894434e+03 1.327120343552403270e+01 5.599617744969406785e-02 3.328679333199617285e-01 9.000000000000000000e+01 1.163142420720456371e+00
1.353991048086993942e+03 1.422912601187192827e+01 3.023426674431255456e-01 3.753082736322674307e-02 9.000000000000000000e+01 1.139266801801462226e+00
